2.000000000000000000e+00 5.000000000000000000e+00 0.000000000000000000e+00
4.000000000000000000e+00 6.469999999999999751e+00 5.187484939737175837e-01
8.000000000000000000e+00 8.650000000000000355e+00 9.630680142129112165e-01
1.600000000000000000e+01 1.215000000000000036e+01 1.669580785706400228e+00
3.200000000000000000e+01 1.705999999999999872e+01 2.399249882775865039e+00
6.400000000000000000e+01 2.332999999999999829e+01 3.757805210491890424e+00
1.280000000000000000e+02 3.334000000000000341e+01 5.659010514215361276e+00
2.560000000000000000e+02 4.822999999999999687e+01 7.684861742412806507e+00
5.120000000000000000e+02 6.748999999999999488e+01 1.177581844289389501e+01
1.024000000000000000e+03 9.628000000000000114e+01 1.409402710370602385e+01
2.048000000000000000e+03 1.318499999999999943e+02 2.429994855961633249e+01
4.096000000000000000e+03 1.887899999999999920e+02 3.057852023888664306e+01
8.192000000000000000e+03 2.683799999999999955e+02 4.683989325350774635e+01
1.638400000000000000e+04 3.876499999999999773e+02 6.670702736593798932e+01
3.276800000000000000e+04 5.243500000000000227e+02 9.532516719104143021e+01
6.553600000000000000e+04 7.711499999999999773e+02 1.447972634409918840e+02
1.310720000000000000e+05 1.060190000000000055e+03 1.888508244620605012e+02
