1.414213562373095145e+00 0.000000000000000000e+00 0.000000000000000000e+00
2.509980079602226688e+00 0.000000000000000000e+00 0.000000000000000000e+00
3.753448414458362858e+00 0.000000000000000000e+00 0.000000000000000000e+00
5.177390239058670574e+00 0.000000000000000000e+00 0.000000000000000000e+00
6.811974326450353168e+00 0.000000000000000000e+00 0.000000000000000000e+00
8.690061081252782316e+00 0.000000000000000000e+00 0.000000000000000000e+00
1.084879731606755726e+01 0.000000000000000000e+00 0.000000000000000000e+00
1.333062522098926195e+01 0.000000000000000000e+00 0.000000000000000000e+00
1.618421689764725002e+01 0.000000000000000000e+00 0.000000000000000000e+00
1.946547110775777156e+01 0.000000000000000000e+00 0.000000000000000000e+00
2.323862803359174478e+01 0.000000000000000000e+00 0.000000000000000000e+00
2.757753697904612267e+01 0.000000000000000000e+00 0.000000000000000000e+00
3.256710716320068855e+01 0.000000000000000000e+00 0.000000000000000000e+00
3.830497238494450585e+01 0.000000000000000000e+00 0.000000000000000000e+00
4.490340328149469684e+01 0.000000000000000000e+00 0.000000000000000000e+00
5.249150518491732242e+01 0.000000000000000000e+00 0.000000000000000000e+00
6.121774489599069113e+01 0.000000000000000000e+00 0.000000000000000000e+00
7.125285599080552856e+01 0.000000000000000000e+00 0.000000000000000000e+00
8.279317960704923962e+01 0.000000000000000000e+00 0.000000000000000000e+00
9.606450613569725760e+01 0.000000000000000000e+00 0.000000000000000000e+00
1.113264930202648486e+02 0.000000000000000000e+00 0.000000000000000000e+00
1.288777451232589613e+02 0.000000000000000000e+00 0.000000000000000000e+00
1.490616570740950522e+02 0.000000000000000000e+00 0.000000000000000000e+00
1.722731319156806364e+02 0.000000000000000000e+00 0.000000000000000000e+00
1.989663075084022523e+02 0.000000000000000000e+00 0.000000000000000000e+00
2.296634418650118050e+02 9.441858343906793256e-04 2.766584010113775803e-05
2.649651312631683595e+02 6.109255732025652835e-03 4.532498919406752051e-05
3.055620610574877674e+02 4.037214890189359633e-03 4.043871932833234041e-05
3.522485190998786493e+02 2.625020782469548834e-03 2.563157748014730495e-05
4.059379361622975466e+02 1.700228866013088740e-03 2.456752134186853748e-05
4.676807574144754085e+02 1.128306091777629477e-03 2.273580187467583307e-05
5.386849946165416441e+02 7.496015451313472024e-04 1.494043539332591127e-05
6.203398611350797864e+02 4.863901281828756740e-04 1.431170311575856553e-05
7.142429522071481642e+02 3.213551255969135682e-04 8.330612782124155875e-06
8.222315022402614204e+02 2.155433290448706754e-04 6.160488442806365978e-06
9.464183307043662126e+02 1.443283790071076445e-04 5.051345830113817345e-06
1.089233179905122824e+03 1.225071850427984646e-04 5.451864154569305710e-06
1.253470253421102598e+03 1.580183615604300370e-04 4.533054443336107623e-06
1.442342885304824676e+03 5.822096922971336911e-05 3.180946994338639445e-06
1.659546409662485075e+03 3.101318545205003420e-05 1.311981448884160027e-06
1.909330460669410513e+03 2.314144860405614195e-05 1.548301088745280987e-06
2.196582117586779532e+03 2.164410735579642750e-05 1.267986534865828437e-06
2.526921521529965048e+03 8.955802267023804745e-06 5.406939375067297255e-07
