1.414213562373095145e+00 0.000000000000000000e+00 0.000000000000000000e+00
2.509980079602226688e+00 3.479860805569932047e-01 8.334039856464745162e-04
3.753448414458362858e+00 1.510345635323782354e-01 8.131051799868553370e-04
5.177390239058670574e+00 7.515964669215008387e-02 5.917442269921178695e-04
6.811974326450353168e+00 6.808439752491528274e-02 5.661831108728502312e-04
8.690061081252782316e+00 2.860123466162872025e-02 3.847980651137482668e-04
1.084879731606755726e+01 1.865453544424184457e-02 2.892447870527127410e-04
1.333062522098926195e+01 5.998888140158995484e-03 1.433033017951530839e-04
1.618421689764725002e+01 4.875087290940477609e-03 1.129593399814641109e-04
1.946547110775777156e+01 3.235174809401315885e-03 9.477973243892284837e-05
2.323862803359174478e+01 1.634319904081630919e-03 5.884837428028991693e-05
2.757753697904612267e+01 1.067494310162257634e-03 4.185569147988023650e-05
3.256710716320068855e+01 5.753145771215095999e-04 3.748387475906250847e-05
3.830497238494450585e+01 3.842657301545800348e-04 2.544104038063829562e-05
4.490340328149469684e+01 2.535617356893005159e-04 1.802096079627062830e-05
5.249150518491732242e+01 1.580114086206772545e-04 1.336977523117200859e-05
6.121774489599069113e+01 1.055354251819407197e-04 1.042984711201799466e-05
7.125285599080552856e+01 5.952594200393688070e-05 6.608353995835189942e-06
8.279317960704923962e+01 4.410166982821639507e-05 5.667870799351896486e-06
9.606450613569725760e+01 2.546313372591589973e-05 4.559078691432645790e-06
1.113264930202648486e+02 1.654529372535277123e-05 3.601850813367051100e-06
1.288777451232589613e+02 1.074259325433926269e-05 1.983026324466248964e-06
1.490616570740950522e+02 6.929811156198716831e-06 1.637287553943123365e-06
1.722731319156806364e+02 4.852876450253949440e-06 1.461407400209507723e-06
1.989663075084022523e+02 2.983268419606156458e-06 8.980129950585845482e-07
2.296634418650118050e+02 2.156725972834102794e-06 7.856872012755518888e-07
2.649651312631683595e+02 1.373542566899857198e-06 6.470150824802453209e-07
3.055620610574877674e+02 9.417265090784976584e-07 3.904719671788890870e-07
3.522485190998786493e+02 5.272869531213640621e-07 2.731557491299028558e-07
4.059379361622975466e+02 3.820919950154815251e-07 2.224165922011546033e-07
4.676807574144754085e+02 3.262129285507665388e-07 2.164661141962785683e-07
5.386849946165416441e+02 2.048680227613510968e-07 1.557413756531024265e-07
6.203398611350797864e+02 1.530229378485007921e-07 1.242799118692166540e-07
7.142429522071481642e+02 1.310774029591311194e-07 1.040341554893406846e-07
8.222315022402614204e+02 7.080597524801555576e-08 7.263567364536669214e-08
9.464183307043662126e+02 2.102404355190280328e-08 3.690682462693353796e-08
1.089233179905122824e+03 1.567009457284679822e-08 3.344585412075344077e-08
1.253470253421102598e+03 6.813084596889915904e-09 1.844992030638913562e-08
1.442342885304824676e+03 9.874035647666550183e-10 6.911824953366594227e-09
