1.414213562373095145e+00 0.000000000000000000e+00 0.000000000000000000e+00
2.509980079602226688e+00 0.000000000000000000e+00 0.000000000000000000e+00
3.753448414458362858e+00 0.000000000000000000e+00 0.000000000000000000e+00
5.177390239058670574e+00 0.000000000000000000e+00 0.000000000000000000e+00
6.811974326450353168e+00 0.000000000000000000e+00 0.000000000000000000e+00
8.690061081252782316e+00 0.000000000000000000e+00 0.000000000000000000e+00
1.084879731606755726e+01 0.000000000000000000e+00 0.000000000000000000e+00
1.333062522098926195e+01 0.000000000000000000e+00 0.000000000000000000e+00
1.618421689764725002e+01 0.000000000000000000e+00 0.000000000000000000e+00
1.946547110775777156e+01 0.000000000000000000e+00 0.000000000000000000e+00
2.323862803359174478e+01 0.000000000000000000e+00 0.000000000000000000e+00
2.757753697904612267e+01 0.000000000000000000e+00 0.000000000000000000e+00
3.256710716320068855e+01 0.000000000000000000e+00 0.000000000000000000e+00
3.830497238494450585e+01 0.000000000000000000e+00 0.000000000000000000e+00
4.490340328149469684e+01 0.000000000000000000e+00 0.000000000000000000e+00
5.249150518491732242e+01 0.000000000000000000e+00 0.000000000000000000e+00
6.121774489599069113e+01 0.000000000000000000e+00 0.000000000000000000e+00
7.125285599080552856e+01 0.000000000000000000e+00 0.000000000000000000e+00
8.279317960704923962e+01 1.524048713720336373e-02 5.214854075768715977e-05
9.606450613569725760e+01 1.423252920796095299e-02 5.487524903531654414e-05
1.113264930202648486e+02 9.195530319830138438e-03 3.450597193175316093e-05
1.288777451232589613e+02 6.170127851904446369e-03 3.441009696322183914e-05
1.490616570740950522e+02 3.998616153151391718e-03 2.963475046169357279e-05
1.722731319156806364e+02 2.552197153156829205e-03 2.353675748289068165e-05
1.989663075084022523e+02 1.629563762951118837e-03 1.813687352869180108e-05
2.296634418650118050e+02 1.089785062617843218e-03 1.340932052404628612e-05
2.649651312631683595e+02 7.142239137328468138e-04 9.845655867930999875e-06
3.055620610574877674e+02 4.648457365250630783e-04 8.074185660124173964e-06
3.522485190998786493e+02 3.017442836842628784e-04 5.554966895889626049e-06
4.059379361622975466e+02 1.957215941621260127e-04 3.721431483194888330e-06
4.676807574144754085e+02 1.296319605057533089e-04 3.447484290397863235e-06
5.386849946165416441e+02 8.626357659058595645e-05 2.669469095851263705e-06
6.203398611350797864e+02 5.504760613453767284e-05 1.686177368237950941e-06
7.142429522071481642e+02 3.674649449580250408e-05 1.382397637321776059e-06
8.222315022402614204e+02 2.398624406205593547e-05 1.327613372056244911e-06
9.464183307043662126e+02 1.572573273508569676e-05 7.876085269632273352e-07
1.089233179905122824e+03 1.050252429345374174e-05 6.735329002969303722e-07
1.253470253421102598e+03 7.039239086312319676e-06 5.305941184294767245e-07
1.442342885304824676e+03 4.941063177228173469e-06 4.758768165237686341e-07
1.659546409662485075e+03 3.907070723207581551e-06 3.201908090947371745e-07
1.909330460669410513e+03 3.054275752002412190e-06 2.563416364555363140e-07
2.196582117586779532e+03 2.029869549927900251e-06 2.104209669413197426e-07
2.526921521529965048e+03 1.054887950967852847e-06 1.122567121677173921e-07
2.906811834751367769e+03 6.553500592853065354e-07 9.908735926319751316e-08
3.343685693815025388e+03 4.738960660413793049e-07 7.217256392202308701e-08
3.846090630746859915e+03 4.243236407085965817e-07 5.253877757345714402e-08
4.423856307356983962e+03 1.902941228474246891e-07 3.008382059954201224e-08
5.088286834709942923e+03 3.646018565978662102e-09 6.151033066379741719e-09
