1.414213562373095145e+00 0.000000000000000000e+00 0.000000000000000000e+00
2.509980079602226688e+00 0.000000000000000000e+00 0.000000000000000000e+00
3.753448414458362858e+00 0.000000000000000000e+00 0.000000000000000000e+00
5.177390239058670574e+00 0.000000000000000000e+00 0.000000000000000000e+00
6.811974326450353168e+00 0.000000000000000000e+00 0.000000000000000000e+00
8.690061081252782316e+00 9.032917311053399734e-02 4.161028133565852164e-04
1.084879731606755726e+01 1.400098171615123954e-01 4.820075452482821881e-04
1.333062522098926195e+01 4.493103571620649106e-02 3.644592120648821221e-04
1.618421689764725002e+01 3.652801270816350560e-02 2.762735267949388367e-04
1.946547110775777156e+01 2.426221327041964970e-02 1.992705283136920644e-04
2.323862803359174478e+01 1.221316375193176422e-02 1.464856189524937956e-04
2.757753697904612267e+01 8.074824338179065891e-03 1.265180903243176569e-04
3.256710716320068855e+01 4.330355160029046580e-03 1.026647841835310769e-04
3.830497238494450585e+01 2.885687852462130894e-03 6.790068117080141550e-05
4.490340328149469684e+01 1.841950064647985500e-03 5.169884136284497330e-05
5.249150518491732242e+01 1.172025818409589380e-03 3.705528084203956206e-05
6.121774489599069113e+01 7.996532255319143204e-04 2.480926339210747406e-05
7.125285599080552856e+01 4.422829925532193070e-04 2.026860038025522914e-05
8.279317960704923962e+01 3.223640269800595766e-04 1.630778905305386786e-05
9.606450613569725760e+01 1.946716836533923811e-04 1.072247469632169120e-05
1.113264930202648486e+02 1.249620143435732590e-04 7.726139793842673540e-06
1.288777451232589613e+02 8.394870146190795820e-05 4.810107946800466183e-06
1.490616570740950522e+02 5.498244277277108749e-05 4.881486794793101442e-06
1.722731319156806364e+02 3.466706224960474113e-05 3.599456865780290697e-06
1.989663075084022523e+02 2.203434215028532040e-05 2.328435193039886030e-06
2.296634418650118050e+02 1.524804907425108374e-05 2.116654152449369737e-06
2.649651312631683595e+02 9.672329068059498674e-06 1.494024959274022804e-06
3.055620610574877674e+02 6.320672855246538044e-06 9.292528822968075561e-07
3.522485190998786493e+02 4.285946646662998870e-06 7.069111768163771832e-07
4.059379361622975466e+02 2.813417710439671199e-06 6.223027416432702224e-07
4.676807574144754085e+02 1.854469644884548448e-06 4.590869479193019105e-07
5.386849946165416441e+02 1.273782435588452748e-06 3.906565920450951914e-07
6.203398611350797864e+02 1.023136765833485138e-06 2.959774403674348576e-07
7.142429522071481642e+02 6.593194997218888978e-07 2.397601582198174525e-07
8.222315022402614204e+02 4.783433772209620455e-07 2.165210279223255495e-07
9.464183307043662126e+02 3.483775341869821540e-07 1.406729073448637853e-07
1.089233179905122824e+03 2.219796882001008529e-07 1.175186584588769610e-07
1.253470253421102598e+03 1.226281653483934600e-07 8.674093853889925775e-08
1.442342885304824676e+03 7.503816881222150838e-08 4.759777994208682526e-08
1.659546409662485075e+03 2.146400709731733758e-08 2.466026668325527146e-08
1.909330460669410513e+03 5.226019119346830810e-09 1.495013590146901669e-08
