1.414213562373095145e+00 0.000000000000000000e+00 0.000000000000000000e+00
2.509980079602226688e+00 0.000000000000000000e+00 0.000000000000000000e+00
3.753448414458362858e+00 0.000000000000000000e+00 0.000000000000000000e+00
5.177390239058670574e+00 0.000000000000000000e+00 0.000000000000000000e+00
6.811974326450353168e+00 0.000000000000000000e+00 0.000000000000000000e+00
8.690061081252782316e+00 0.000000000000000000e+00 0.000000000000000000e+00
1.084879731606755726e+01 0.000000000000000000e+00 0.000000000000000000e+00
1.333062522098926195e+01 0.000000000000000000e+00 0.000000000000000000e+00
1.618421689764725002e+01 0.000000000000000000e+00 0.000000000000000000e+00
1.946547110775777156e+01 0.000000000000000000e+00 0.000000000000000000e+00
2.323862803359174478e+01 0.000000000000000000e+00 0.000000000000000000e+00
2.757753697904612267e+01 5.106661431699409393e-02 1.804400334296633076e-04
3.256710716320068855e+01 3.638037396663166417e-02 2.051216758956266614e-04
3.830497238494450585e+01 2.420052778783945979e-02 1.269945956344400290e-04
4.490340328149469684e+01 1.554875209785870627e-02 1.107680713598294028e-04
5.249150518491732242e+01 9.804455881812300377e-03 9.959602252680042542e-05
6.121774489599069113e+01 6.711686157489579231e-03 6.400513581106377842e-05
7.125285599080552856e+01 3.719339386242962852e-03 5.288345260807317380e-05
8.279317960704923962e+01 2.708831096257893235e-03 4.264323228285717897e-05
9.606450613569725760e+01 1.625835615518624305e-03 2.565197706841623160e-05
1.113264930202648486e+02 1.044974319138293429e-03 1.963719502529814189e-05
1.288777451232589613e+02 7.022334336101488956e-04 1.426308810320337982e-05
1.490616570740950522e+02 4.566111716366443463e-04 1.048246136234495526e-05
1.722731319156806364e+02 2.919541845614824472e-04 8.848611124857010555e-06
1.989663075084022523e+02 1.829694760882252694e-04 7.264380770047852892e-06
2.296634418650118050e+02 1.257828785882156178e-04 4.654584721518008325e-06
2.649651312631683595e+02 8.138927872336131563e-05 3.791356581656327895e-06
3.055620610574877674e+02 5.310981684151741571e-05 3.166968968738752918e-06
3.522485190998786493e+02 3.484051269497523147e-05 2.365111518252252005e-06
4.059379361622975466e+02 2.235743682896265357e-05 1.974136379964523420e-06
4.676807574144754085e+02 1.482100840884270129e-05 1.393797557686738135e-06
5.386849946165416441e+02 1.006763513686668279e-05 1.191363980452816118e-06
6.203398611350797864e+02 6.496206020363726088e-06 8.580909282313144351e-07
7.142429522071481642e+02 4.344371902668551460e-06 7.021533063812262883e-07
8.222315022402614204e+02 3.087090438745479512e-06 3.717361659054050356e-07
9.464183307043662126e+02 2.137932489433693902e-06 3.892657317399035718e-07
1.089233179905122824e+03 1.656714905405078388e-06 3.069767790928941320e-07
1.253470253421102598e+03 1.156811243778240640e-06 2.258788578392931221e-07
1.442342885304824676e+03 7.522209905354958040e-07 1.511880457058610841e-07
1.659546409662485075e+03 4.429373857312741007e-07 1.181485725579518162e-07
1.909330460669410513e+03 3.135047219533792780e-07 9.141983342129697971e-08
2.196582117586779532e+03 2.206865537560017763e-07 6.555367469084847714e-08
2.526921521529965048e+03 1.190917208248501027e-07 4.629929515666824089e-08
2.906811834751367769e+03 1.668707400801526059e-08 1.865025918542881794e-08
3.343685693815025388e+03 4.267793863942522643e-10 2.987455704759765798e-09
