1.414213562373095145e+00 0.000000000000000000e+00
2.509980079602226688e+00 3.478127678771829601e-01
3.753448414458362858e+00 1.512161346435507703e-01
5.177390239058670574e+00 7.514404724998841045e-02
6.811974326450353168e+00 6.808015449326977608e-02
8.690061081252782316e+00 2.862474008069865530e-02
1.084879731606755726e+01 1.865970146453315229e-02
1.333062522098926195e+01 5.991628245197534730e-03
1.618421689764725002e+01 4.872665569177980771e-03
1.946547110775777156e+01 3.233071194671371159e-03
2.323862803359174478e+01 1.637202318966454089e-03
2.757753697904612267e+01 1.074055595692015221e-03
3.256710716320068855e+01 5.771424863698398000e-04
3.830497238494450585e+01 3.844877611452602977e-04
4.490340328149469684e+01 2.470340156048269806e-04
5.249150518491732242e+01 1.558388009715507168e-04
6.121774489599069113e+01 1.063259597299611348e-04
7.125285599080552856e+01 5.901485730975683047e-05
8.279317960704923962e+01 4.312802440292091163e-05
9.606450613569725760e+01 2.570414603579152213e-05
1.113264930202648486e+02 1.662110349606366719e-05
1.288777451232589613e+02 1.113056672699503459e-05
1.490616570740950522e+02 7.227314028956744774e-06
1.722731319156806364e+02 4.620522510109145890e-06
1.989663075084022523e+02 2.949349961504759791e-06
2.296634418650118050e+02 1.972867757098587885e-06
2.649651312631683595e+02 1.296459539588997991e-06
3.055620610574877674e+02 8.433119934883687329e-07
3.522485190998786493e+02 5.502357540807245019e-07
4.059379361622975466e+02 3.552541370940554715e-07
4.676807574144754085e+02 2.328277567666992709e-07
5.386849946165416441e+02 1.586996352050258182e-07
6.203398611350797864e+02 1.035340221902315227e-07
7.142429522071481642e+02 6.879825297901613147e-08
8.222315022402614204e+02 4.540380738071960008e-08
9.464183307043662126e+02 3.101908946859495160e-08
1.089233179905122824e+03 2.127944861822068014e-08
1.253470253421102598e+03 1.464865921395167976e-08
1.442342885304824676e+03 1.038292225377158320e-08
1.659546409662485075e+03 6.997938048604553885e-09
1.909330460669410513e+03 4.953995086955654711e-09
2.196582117586779532e+03 3.307965658797394580e-09
2.526921521529965048e+03 2.204651772428895160e-09
2.906811834751367769e+03 1.273967900562920446e-09
3.343685693815025388e+03 5.571008160290266207e-10
3.846090630746859915e+03 2.023121404203354132e-10
4.423856307356983962e+03 3.227955970009335354e-11
5.088286834709942923e+03 8.420754704372177357e-12
